Polygon_A:  2.9552 3.9634 2.72362 3.46307 3.12905 2.73349 3.55772 3.0219
Polygon_B:  3.74777 6.07404 6.66084 -0.368627 3.25969 2.20218 -1.3733 1.27916
